(module UFQFPN28_4x4mm_Pitch0.5mm (layer F.Cu) (tedit 5AE058BA)
  (fp_text reference U4 (at 0 -3.075) (layer F.SilkS)
    (effects (font (size 1 1) (thickness 0.15)))
  )
  (fp_text value STM32F042G4Ux (at 0 3.225) (layer F.Fab)
    (effects (font (size 1 1) (thickness 0.15)))
  )
  (fp_line (start -2 2) (end -2 -2) (layer F.Fab) (width 0.15))
  (fp_line (start 2 2) (end -2 2) (layer F.Fab) (width 0.15))
  (fp_line (start 2 -2) (end 2 2) (layer F.Fab) (width 0.15))
  (fp_line (start -2 -2) (end 2 -2) (layer F.Fab) (width 0.15))
  (pad 14 smd rect (at 1.5 1.9) (size 0.3 0.375) (drill (offset 0 0.0625)) (layers F.Cu F.Paste F.Mask))
  (pad 13 smd rect (at 1 1.875) (size 0.3 0.55) (layers F.Cu F.Paste F.Mask))
  (pad 12 smd rect (at 0.5 1.875) (size 0.3 0.55) (layers F.Cu F.Paste F.Mask))
  (pad 11 smd rect (at 0 1.875) (size 0.3 0.55) (layers F.Cu F.Paste F.Mask))
  (pad 10 smd rect (at -0.5 1.875) (size 0.3 0.55) (layers F.Cu F.Paste F.Mask))
  (pad 9 smd rect (at -1 1.875) (size 0.3 0.55) (layers F.Cu F.Paste F.Mask))
  (pad 8 smd trapezoid (at -1.5 1.9) (size 0.3 0.375) (drill (offset 0 0.0625)) (layers F.Cu F.Paste F.Mask))
  (pad 28 smd rect (at -1.5 -1.9 180) (size 0.3 0.375) (drill (offset 0 0.0625)) (layers F.Cu F.Paste F.Mask))
  (pad 27 smd rect (at -1 -1.875) (size 0.3 0.55) (layers F.Cu F.Paste F.Mask))
  (pad 26 smd rect (at -0.5 -1.875) (size 0.3 0.55) (layers F.Cu F.Paste F.Mask))
  (pad 25 smd rect (at 0 -1.875) (size 0.3 0.55) (layers F.Cu F.Paste F.Mask))
  (pad 24 smd rect (at 0.5 -1.875) (size 0.3 0.55) (layers F.Cu F.Paste F.Mask))
  (pad 23 smd rect (at 1 -1.875) (size 0.3 0.55) (layers F.Cu F.Paste F.Mask))
  (pad 22 smd rect (at 1.5 -1.9 180) (size 0.3 0.375) (drill (offset 0 0.0625)) (layers F.Cu F.Paste F.Mask))
  (pad 21 smd rect (at 1.9 -1.5 180) (size 0.375 0.3) (drill (offset -0.0625 0)) (layers F.Cu F.Paste F.Mask))
  (pad 20 smd rect (at 1.875 -1) (size 0.55 0.3) (layers F.Cu F.Paste F.Mask))
  (pad 19 smd rect (at 1.875 -0.5) (size 0.55 0.3) (layers F.Cu F.Paste F.Mask))
  (pad 18 smd rect (at 1.875 0) (size 0.55 0.3) (layers F.Cu F.Paste F.Mask))
  (pad 17 smd rect (at 1.875 0.5) (size 0.55 0.3) (layers F.Cu F.Paste F.Mask))
  (pad 16 smd rect (at 1.875 1) (size 0.55 0.3) (layers F.Cu F.Paste F.Mask))
  (pad 15 smd rect (at 1.9 1.5 180) (size 0.375 0.3) (drill (offset -0.0625 0)) (layers F.Cu F.Paste F.Mask))
  (pad 7 smd rect (at -1.9 1.5) (size 0.375 0.3) (drill (offset -0.0625 0)) (layers F.Cu F.Paste F.Mask))
  (pad 6 smd rect (at -1.875 1) (size 0.55 0.3) (layers F.Cu F.Paste F.Mask))
  (pad 5 smd rect (at -1.875 0.5) (size 0.55 0.3) (layers F.Cu F.Paste F.Mask))
  (pad 4 smd rect (at -1.875 0) (size 0.55 0.3) (layers F.Cu F.Paste F.Mask))
  (pad 3 smd rect (at -1.875 -0.5) (size 0.55 0.3) (layers F.Cu F.Paste F.Mask))
  (pad 2 smd rect (at -1.875 -1) (size 0.55 0.3) (layers F.Cu F.Paste F.Mask))
  (pad 1 smd rect (at -1.9 -1.5) (size 0.375 0.3) (drill (offset -0.0625 0)) (layers F.Cu F.Paste F.Mask))
  (pad 1 smd rect (at -1.65 -1.425) (size 0.125 0.15) (drill (offset -0.0625 0)) (layers F.Cu F.Paste F.Mask))
  (pad 7 smd rect (at -1.65 1.425) (size 0.125 0.15) (drill (offset -0.0625 0)) (layers F.Cu F.Paste F.Mask))
  (pad 15 smd rect (at 1.65 1.425) (size 0.125 0.15) (drill (offset 0.0625 0)) (layers F.Cu F.Paste F.Mask))
  (pad 21 smd rect (at 1.65 -1.425) (size 0.125 0.15) (drill (offset 0.0625 0)) (layers F.Cu F.Paste F.Mask))
  (pad 22 smd rect (at 1.425 -1.65) (size 0.15 0.125) (drill (offset 0 -0.0625)) (layers F.Cu F.Paste F.Mask))
  (pad 28 smd rect (at -1.425 -1.65) (size 0.15 0.125) (drill (offset 0 -0.0625)) (layers F.Cu F.Paste F.Mask))
  (pad 8 smd rect (at -1.425 1.65) (size 0.15 0.125) (drill (offset 0 0.0625)) (layers F.Cu F.Paste F.Mask))
  (pad 14 smd rect (at 1.425 1.65) (size 0.15 0.125) (drill (offset 0 0.0625)) (layers F.Cu F.Paste F.Mask))
  (model ${KICADMPIO}/mpio.3dshapes/UFQFPN28_4x4mm_Pitch0_5mm.wrl
    (at (xyz 0 0 0))
    (scale (xyz 0.3937 0.3937 0.3937))
    (rotate (xyz 0 0 180))
  )
)
